id	snip	seed	A-size	A-both	B-size	B-both	C-size	C-both	D-size	D-both
0	1e+06	0	0.5726552190993999	0.1551011616633521	0.46989488635754084	0.08913259492966412	0.3771045793845091	0.05310546276234796	0.1615793437424233	0.007983924667865357
1	900000	0	0.5726758573383169	0.15254929018297753	0.46988720774801634	0.08742201333941904	0.3771377743857099	0.052061169751952706	0.16154241143648726	0.007770941667095711
2	800000	0	0.5727017928939426	0.14947215902591543	0.4698910603821098	0.08561159098155019	0.37713640957194905	0.05100030761525632	0.1615359817034969	0.007619786884328474
3	700000	0	0.5727043276907118	0.14782633093231579	0.46991080169054134	0.08455050866415008	0.3771409414376838	0.050360898071885644	0.16153567311144307	0.0075259159122076135
4	600000	0	0.5727187249751999	0.14509141406728707	0.4698974405303306	0.08288163076210331	0.3771345359563344	0.04921453951206152	0.16154607545352723	0.0073611003232691265
5	500000	0	0.5727353930430452	0.14479950541225153	0.4699007560876319	0.08238602002488613	0.37712532996767406	0.049032032451598095	0.16154923089151765	0.007259131266431513
6	400000	0	0.5727326742286877	0.137883729209157	0.46993853909308303	0.0782037961425169	0.37712094467805735	0.046564900507162305	0.16155546558452	0.006837904685813367
7	300000	0	0.5727198340915365	0.1352946728682821	0.46995149651011475	0.07663046602618079	0.3771231479589459	0.04535264930320495	0.16156335925204965	0.006645739006765458
8	200000	0	0.5727188811489047	0.13605291583455795	0.4699515833574835	0.07703516517358995	0.3771240979459823	0.04556255566752384	0.1615582323497948	0.0066608437068695365
9	100000	0	0.572726186343229	0.12955377707959623	0.46993248690067185	0.0729319602870666	0.3771096284568632	0.04307950610883968	0.1615776926724262	0.006204346396178079
10	90000	0	0.5727235084781719	0.12940767908565068	0.4699347361709996	0.07291611378870502	0.377110354067333	0.04306138706329864	0.16157295697442653	0.0061885665900751835
11	80000	0	0.5727220346794196	0.12996845894253672	0.46992723027086597	0.07331793961227315	0.3771185797429756	0.043145850960352755	0.16158428063281138	0.006282907297863422
12	70000	0	0.5727213182022649	0.12910473685384688	0.46993455923372074	0.07285959992858161	0.3771087137396559	0.043078335674349204	0.16156452317934003	0.006211275958929677
13	60000	0	0.5727237497634684	0.12900827688234423	0.46993587669593684	0.072846026652353	0.37711068950135745	0.04299085982083894	0.16157157682703316	0.0062048619229470294
14	50000	0	0.5727167512980816	0.1287691543266791	0.46993244094742076	0.07254873486613574	0.3771024925300846	0.042717006167889066	0.16157065430759635	0.006199961976383109
15	40000	0	0.5727111026576869	0.1281142276608909	0.4699412512291466	0.07209003764731535	0.3771003561510568	0.04232595904738285	0.16156685533678275	0.006129132660025122
16	30000	0	0.5727001736483451	0.1269987230787776	0.4699367741338494	0.07165519990265326	0.3770974721277198	0.04201205320504682	0.16157273117007168	0.0060782572907826325
17	20000	0	0.5726993997889117	0.1270289648638181	0.46993564770595353	0.07157027473238718	0.37709304525632636	0.04206711503709706	0.1615723570081996	0.0060500173191669615
18	10000	0	0.5727011006768858	0.12556402201672281	0.469934067300829	0.07054037838520966	0.3770983210687874	0.041494875537762974	0.1615703221918244	0.005896374014941771
19	9000	0	0.572699597736493	0.12523777359350965	0.46993726939716735	0.07023376161656605	0.37710242659417126	0.04143707060886525	0.1615656647319261	0.005982717140472333
20	8000	0	0.5726996023416641	0.12517083934918039	0.46993475145896507	0.07050619511494116	0.377101751490075	0.04148682895730791	0.16156814268120173	0.005931876455890706
21	7000	0	0.5726986709479147	0.12526105980779145	0.46993796597862747	0.07024616476181515	0.3771001422685323	0.041339180554183445	0.16156914939248201	0.005936630466990556
22	6000	0	0.5727007555018253	0.12545414451697434	0.46993613203374396	0.07034873636676645	0.37710184980621886	0.0414587919794272	0.16156564568487564	0.00595114209719044
23	5000	0	0.5726944320499343	0.12444651346388179	0.46995055106106554	0.06991801513792845	0.37708981180435575	0.04105166068630492	0.1615699447987861	0.00589506795441388
24	4000	0	0.5726941606437144	0.12384325055250739	0.46994304258696895	0.06966568606322772	0.3770830308381119	0.041056070512716654	0.16157270448275554	0.005856064740909147
25	3000	0	0.5726942395258952	0.12448062241651883	0.46995448367743836	0.06986914855121805	0.3770872532527454	0.04117796587411394	0.16157091465053625	0.005843647380525821
26	2000	0	0.5726846176510199	0.1231692972779936	0.469935065920019	0.06900337277560051	0.37709040899691165	0.04062621177076535	0.16156805208331898	0.00582730519685212
27	1000	0	0.5726874093180719	0.12216926066893244	0.46993597567997053	0.0682801592463648	0.37709679648096545	0.04027902457492639	0.1615566200686304	0.0057270700886253795
28	900	0	0.5726887215999797	0.12139072601158939	0.46993467894476587	0.06809361028477985	0.37708725957022043	0.0400499764255161	0.16155728530904456	0.005700025927955477
29	800	0	0.5726883072930835	0.12146363201811035	0.4699355226016704	0.06810103030100063	0.37708650133574817	0.03998553651641002	0.1615572877811088	0.005709861182677613
30	700	0	0.5726873456703211	0.12112240582204267	0.4699285345968536	0.06772331533207403	0.37708836994159883	0.03980055811416551	0.16156623764035374	0.005712092794184892
31	600	0	0.5726969692350262	0.12083633554826075	0.46993048212579	0.06744274612911631	0.37709046747294284	0.03961573772631473	0.1615681964848873	0.005657546145075274
32	500	0	0.5726999817289079	0.12020695549287785	0.46993133307275825	0.0670898972247856	0.37709059455058896	0.039399372595205095	0.16156016624381037	0.005604623828450735
33	400	0	0.5726921162017901	0.11957523716105817	0.4699368971945303	0.06682050399345041	0.3770866187316915	0.03925749026564727	0.1615570761980849	0.005575180421411388
34	300	0	0.5726827235220036	0.11832793166967885	0.4699397502430249	0.06602759624910963	0.3770925146934637	0.03885664939679635	0.16155952723793515	0.005528874363692322
35	200	0	0.5726764988381389	0.11680379331365276	0.4699936727336724	0.06514431787486082	0.3770866826175235	0.038397964007631236	0.16153827530545706	0.0054337097681004505
36	100	0	0.5726872877229825	0.11321474775030037	0.4699984161714758	0.06312760816265815	0.37706100086230665	0.03678503211284073	0.16154816305221353	0.005155687893802288
37	90	0	0.5726942748333713	0.11264208434727245	0.46998710198826726	0.06270345888977936	0.3770558702398936	0.036613021172954764	0.16154442531017485	0.00516159077083697
38	80	0	0.5727070588755928	0.11175712622801175	0.46995583082953485	0.06228028102711681	0.37706804650991993	0.03615852342871135	0.1615409023843443	0.0050977666178544795
39	70	0	0.5726802409109889	0.11082605983316496	0.46997506434437153	0.0613149433309239	0.3770825518824415	0.035957706350826416	0.16152855333092705	0.005048949061745172
40	60	0	0.5726658274600299	0.10924481357192821	0.46997195523716256	0.06057355746171264	0.3770950506752003	0.03546716152609667	0.1615204759403651	0.004956577068089053
41	50	0	0.5726854871092404	0.10793065797614326	0.4699794670547327	0.059635812651453686	0.37710419971350706	0.034799326095951315	0.16150708780563283	0.004882865844874194
42	40	0	0.5726916977313928	0.10556755420734228	0.4699628176922556	0.05844755184362889	0.37713316682830816	0.034125457638860976	0.1614900864662694	0.0046833999459214015
43	30	0	0.5727139074482591	0.10247641164793611	0.4699669605587167	0.05633228490728633	0.3771102328130306	0.032888243585433484	0.1614775676170249	0.004576276962845923
44	20	0	0.5727664587293513	0.0961348710446319	0.4699533418844816	0.052602795080254665	0.3770710775663789	0.03052428486363061	0.16148332404389806	0.004231470553574342
45	10	0	0.5727214293663734	0.07977341079245978	0.46998351309602254	0.043339931083114985	0.3770643014491466	0.02484233758857433	0.1614724801446749	0.0034727802526741823
46	9	0	0.5727209129698756	0.07645972488306667	0.47000875038812207	0.041438274661538405	0.3770717961589331	0.023921446798886838	0.16147276076143888	0.0033110714976730305
47	8	0	0.5727150711546796	0.07238561600624868	0.47003010903743503	0.03910961737632525	0.3770699963236578	0.02247135906285057	0.1614858994818206	0.003100582947559213
48	7	0	0.5727374787049713	0.06769263699671388	0.47000482994765	0.03641158880337272	0.377026908706195	0.02087237145622816	0.16146107085577371	0.002901667103026998
49	6	0	0.5727289620850053	0.06114785909285512	0.4699706104546959	0.03263237839116523	0.3770208281970699	0.018849984831202638	0.1614426798281712	0.0026366079924855412
50	5	0	0.5727415221086142	0.052912795767430965	0.46993120565462543	0.028320862212350736	0.37709903687916474	0.016189911503581563	0.1614079909353333	0.002237479044746042
51	4	0	0.5727383209426569	0.04134615008584044	0.46984854932172465	0.022047522043845004	0.3771128572669814	0.01255461150941473	0.16143293328194377	0.0017521329628482057
52	3	0	0.5727578647413297	0.024862567859047897	0.4698313689787817	0.013193451839950318	0.377085479008414	0.007645778363185523	0.1614546534639544	0.001050420535005343
53	2	0	0.5727004865373755	0	0.4697767945103593	0	0.3770859120799931	0	0.1615498868753192	0
54	1	0	0.5723802513803457	0	0.46998979155928416	0	0.37726907163357115	0	0.1615885858000389	0
